chrX	0	91	5	0	91	8348675	8348766
chrX	92	637	5	227	772	8348902	8349447
chrX	640	1026	5	773	1159	8349448	8349834
chrX	1027	3779	5	1174	3926	8349849	8352601
chrX	3780	3876	5	3930	4026	8352605	8352701
chrX	3877	3945	5	4030	4098	8352705	8352773
chrX	3947	5324	5	4099	5476	8352774	8354151
chrX	5325	5954	5	5481	6110	8354156	8354785
chrX	5955	9443	5	6122	9610	8354797	8358285
chrX	9444	10181	5	9625	10362	8358300	8359037
chrX	10182	12172	5	10364	12354	8359039	8361029
chrX	12173	13134	5	12357	13318	8361032	8361993
chrX	13137	14087	5	13319	14269	8361994	8362944
chrX	14088	17650	5	14271	17833	8362946	8366508
chrX	17651	29608	5	17835	29792	8366510	8378467
chrX	29609	31536	5	29795	31722	8378470	8380397
chrX	31537	33107	5	31724	33294	8380399	8381969
chrX	33108	33375	5	33297	33564	8381972	8382239
chrX	33376	34231	5	33575	34430	8382250	8383105
chrX	34233	34618	5	34431	34816	8383106	8383491
chrX	34619	34753	5	34818	34952	8383493	8383627
chrX	34755	35778	5	34953	35976	8383628	8384651
chrX	35780	36080	5	35977	36277	8384652	8384952
chrX	36082	36927	5	36278	37123	8384953	8385798
chrX	50203	51314	5	37122	38233	8385797	8386908
chrX	51316	53460	5	38234	40378	8386909	8389053
chrX	53462	53576	5	40379	40493	8389054	8389168
chrX	53580	53693	5	40494	40607	8389169	8389282
chrX	53694	53702	5	40618	40626	8389293	8389301
chrX	53704	53744	5	40627	40667	8389302	8389342
chrX	53745	53762	5	40682	40699	8389357	8389374
chrX	53766	54013	5	40700	40947	8389375	8389622
chrX	54018	54101	5	40948	41031	8389623	8389706
chrX	54114	54120	5	41032	41038	8389707	8389713
chrX	54127	54129	5	41039	41041	8389714	8389716
chrX	54130	54250	5	41043	41163	8389718	8389838
chrX	54252	54306	5	41164	41218	8389839	8389893
chrX	54307	54335	5	41221	41249	8389896	8389924
chrX	54336	54729	5	41425	41818	8390100	8390493
chrX	54731	59344	5	41819	46432	8390494	8395107
chrX	59357	59577	5	46433	46653	8395108	8395328
chrX	59578	60307	5	46657	47386	8395332	8396061
chrX	60308	60535	5	47396	47623	8396071	8396298
chrX	60536	61106	5	47625	48195	8396300	8396870
chrX	61108	61679	5	48196	48767	8396871	8397442
chrX	61681	64257	5	48768	51344	8397443	8400019
chrX	64258	64890	5	51346	51978	8400021	8400653
chrX	64891	69481	5	51983	56573	8400658	8405248
chrX	69488	70501	5	56574	57587	8405249	8406262
chrX	70502	70758	5	57589	57845	8406264	8406520
chrX	70760	72508	5	57846	59594	8406521	8408269
chrX	72509	75047	5	59611	62149	8408286	8410824
chrX	75057	75683	5	62150	62776	8410825	8411451
chrX	75688	75843	5	62777	62932	8411452	8411607
chrX	75844	75946	5	62937	63039	8411612	8411714
chrX	75961	77409	5	63040	64488	8411715	8413163
chrX	77410	80095	5	64490	67175	8413165	8415850
chrX	80096	80178	5	67178	67260	8415853	8415935
chrX	80180	81672	5	67261	68753	8415936	8417428
chrX	81674	81825	5	68754	68905	8417429	8417580
chrX	81826	81962	5	68928	69064	8417603	8417739
chrX	81964	82136	5	69065	69237	8417740	8417912
chrX	82137	82338	5	69240	69441	8417915	8418116
chrX	82339	82582	5	69444	69687	8418119	8418362
chrX	82584	83097	5	69688	70201	8418363	8418876
chrX	83147	83706	5	70202	70761	8418877	8419436
chrX	83709	84003	5	70762	71056	8419437	8419731
chrX	84480	86071	5	70988	72579	8419663	8421254
chrX	86073	88207	5	72580	74714	8421255	8423389
chrX	88208	88672	5	74716	75180	8423391	8423855
chrX	88674	88847	5	75181	75354	8423856	8424029
chrX	88848	89166	5	75356	75674	8424031	8424349
chrX	89167	89424	5	75694	75951	8424369	8424626
chrX	89425	89872	5	75953	76400	8424628	8425075
chrX	89873	90118	5	76402	76647	8425077	8425322
chrX	90120	94983	5	76648	81511	8425323	8430186
chrX	95169	95700	5	81512	82043	8430187	8430718
chrX	95702	95884	5	82044	82226	8430719	8430901
chrX	95885	95945	5	82228	82288	8430903	8430963
