chrX	0	545	chrX	1910	2455	8153440	8153985
chrX	548	934	chrX	2456	2842	8153986	8154372
chrX	935	3687	chrX	2857	5609	8154387	8157139
chrX	3688	3853	chrX	5613	5778	8157143	8157308
chrX	3855	5862	chrX	5779	7786	8157309	8159316
chrX	4963	6596	chrX	0	1633	8151530	8153163
chrX	5863	9351	chrX	7792	11280	8159322	8162810
chrX	9352	10089	chrX	11295	12032	8162825	8163562
chrX	10090	12080	chrX	12034	14024	8163564	8165554
chrX	12081	13042	chrX	14027	14988	8165557	8166518
chrX	13045	13995	chrX	14989	15939	8166519	8167469
chrX	13996	17558	chrX	15941	19503	8167471	8171033
chrX	17559	29516	chrX	19505	31462	8171035	8182992
chrX	29517	31444	chrX	31465	33392	8182995	8184922
chrX	31445	33015	chrX	33394	34964	8184924	8186494
chrX	33016	33283	chrX	34967	35234	8186497	8186764
chrX	33284	34139	chrX	35245	36100	8186775	8187630
chrX	34141	34526	chrX	36101	36486	8187631	8188016
chrX	34527	34661	chrX	36488	36622	8188018	8188152
chrX	34663	35686	chrX	36623	37646	8188153	8189176
chrX	35688	35988	chrX	37647	37947	8189177	8189477
chrX	35990	36833	chrX	37948	38791	8189478	8190321
chrX	37052	38163	chrX	38792	39903	8190322	8191433
chrX	38165	40137	chrX	39904	41876	8191434	8193406
chrX	40138	40309	chrX	41879	42050	8193409	8193580
chrX	40312	40542	chrX	42051	42281	8193581	8193811
chrX	40543	40611	chrX	42292	42360	8193822	8193890
chrX	40615	40821	chrX	42361	42567	8193891	8194097
chrX	40822	40828	chrX	42670	42676	8194200	8194206
chrX	40836	40862	chrX	42677	42703	8194207	8194233
chrX	40867	40978	chrX	42704	42815	8194234	8194345
chrX	40979	40993	chrX	42829	42843	8194359	8194373
chrX	41006	41047	chrX	42844	42885	8194374	8194415
chrX	41063	41067	chrX	42886	42890	8194416	8194420
chrX	41068	41071	chrX	42898	42901	8194428	8194431
chrX	41075	41079	chrX	42902	42906	8194432	8194436
chrX	41080	41081	chrX	42918	42919	8194448	8194449
chrX	41082	41085	chrX	42923	42926	8194453	8194456
chrX	41086	41096	chrX	42939	42949	8194469	8194479
chrX	41118	41119	chrX	42950	42951	8194480	8194481
chrX	41121	41123	chrX	42952	42954	8194482	8194484
chrX	41124	41131	chrX	42963	42970	8194493	8194500
chrX	41132	41137	chrX	42977	42982	8194507	8194512
chrX	41149	41153	chrX	42983	42987	8194513	8194517
chrX	41154	41161	chrX	43005	43012	8194535	8194542
chrX	41162	41166	chrX	43039	43043	8194569	8194573
chrX	41167	41171	chrX	43068	43072	8194598	8194602
chrX	41172	41179	chrX	43079	43086	8194609	8194616
chrX	41182	41284	chrX	43087	43189	8194617	8194719
chrX	41285	41578	chrX	43194	43487	8194724	8195017
chrX	41580	42983	chrX	43488	44891	8195018	8196421
chrX	42988	46193	chrX	44892	48097	8196422	8199627
chrX	46206	46746	chrX	48098	48638	8199628	8200168
chrX	46748	47156	chrX	48639	49047	8200169	8200577
chrX	47157	47384	chrX	49057	49284	8200587	8200814
chrX	47385	47955	chrX	49286	49856	8200816	8201386
chrX	47957	48237	chrX	49857	50137	8201387	8201667
chrX	48337	48733	chrX	50138	50534	8201668	8202064
chrX	48736	49712	chrX	50535	51511	8202065	8203041
chrX	49714	51183	chrX	51512	52981	8203042	8204511
chrX	51185	51739	chrX	52982	53536	8204512	8205066
chrX	51740	56335	chrX	53540	58135	8205070	8209665
chrX	56337	57350	chrX	58136	59149	8209666	8210679
chrX	57351	57501	chrX	59151	59301	8210681	8210831
chrX	57503	59357	chrX	59302	61156	8210832	8212686
chrX	59358	62532	chrX	61173	64347	8212703	8215877
chrX	62537	63379	chrX	64348	65190	8215878	8216720
chrX	63381	63992	chrX	65191	65802	8216721	8217332
chrX	63994	64258	chrX	65803	66067	8217333	8217597
chrX	64259	65005	chrX	66069	66815	8217599	8218345
chrX	65007	66936	chrX	66816	68745	8218346	8220275
chrX	66939	67716	chrX	68746	69523	8220276	8221053
chrX	67717	68521	chrX	69525	70329	8221055	8221859
chrX	68523	68674	chrX	70330	70481	8221860	8222011
chrX	68675	68811	chrX	70504	70640	8222034	8222170
chrX	68813	68985	chrX	70641	70813	8222171	8222343
chrX	68986	69187	chrX	70816	71017	8222346	8222547
chrX	69188	69210	chrX	71020	71042	8222550	8222572
chrX	69211	69466	chrX	71045	71300	8222575	8222830
chrX	69469	75056	chrX	71301	76888	8222831	8228418
chrX	75057	76015	chrX	76890	77848	8228420	8229378
chrX	76016	76721	chrX	77868	78573	8229398	8230103
chrX	76722	80583	chrX	78575	82436	8230105	8233966
chrX	80584	81764	chrX	82438	83618	8233968	8235148
chrX	81765	82549	chrX	83621	84405	8235151	8235935
chrX	82551	82733	chrX	84406	84588	8235936	8236118
chrX	82734	82794	chrX	84590	84650	8236120	8236180
