chrX	0	1111	chrX	38793	39904	8397295	8398406
chrX	1113	3257	chrX	39905	42049	8398407	8400551
chrX	3260	3490	chrX	42050	42280	8400552	8400782
chrX	3491	3559	chrX	42291	42359	8400793	8400861
chrX	3563	3769	chrX	42360	42566	8400862	8401068
chrX	3770	3776	chrX	42669	42675	8401171	8401177
chrX	3784	3810	chrX	42676	42702	8401178	8401204
chrX	3815	3926	chrX	42703	42814	8401205	8401316
chrX	3927	3941	chrX	42828	42842	8401330	8401344
chrX	3954	3995	chrX	42843	42884	8401345	8401386
chrX	4011	4015	chrX	42885	42889	8401387	8401391
chrX	4016	4019	chrX	42897	42900	8401399	8401402
chrX	4023	4027	chrX	42901	42905	8401403	8401407
chrX	4028	4029	chrX	42917	42918	8401419	8401420
chrX	4030	4033	chrX	42922	42925	8401424	8401427
chrX	4034	4044	chrX	42938	42948	8401440	8401450
chrX	4066	4067	chrX	42949	42950	8401451	8401452
chrX	4069	4071	chrX	42951	42953	8401453	8401455
chrX	4072	4079	chrX	42962	42969	8401464	8401471
chrX	4080	4085	chrX	42976	42981	8401478	8401483
chrX	4097	4101	chrX	42982	42986	8401484	8401488
chrX	4102	4109	chrX	43004	43011	8401506	8401513
chrX	4110	4114	chrX	43038	43042	8401540	8401544
chrX	4115	4119	chrX	43067	43071	8401569	8401573
chrX	4120	4127	chrX	43078	43085	8401580	8401587
chrX	4130	4232	chrX	43086	43188	8401588	8401690
chrX	4233	4526	chrX	43193	43486	8401695	8401988
chrX	4528	5931	chrX	43487	44890	8401989	8403392
chrX	4963	6596	chrX	0	1633	8358502	8360135
chrX	5936	9141	chrX	44891	48096	8403393	8406598
chrX	9145	9694	chrX	48097	48646	8406599	8407148
chrX	9696	10104	chrX	48647	49055	8407149	8407557
chrX	10105	10332	chrX	49065	49292	8407567	8407794
chrX	10333	10903	chrX	49294	49864	8407796	8408366
chrX	10905	11185	chrX	49865	50145	8408367	8408647
chrX	11285	11681	chrX	50146	50542	8408648	8409044
chrX	11684	14687	chrX	50543	53546	8409045	8412048
chrX	13059	13150	chrX	1683	1774	8360185	8360276
chrX	13151	13696	chrX	1910	2455	8360412	8360957
chrX	13699	14085	chrX	2456	2842	8360958	8361344
chrX	14086	16838	chrX	2857	5609	8361359	8364111
chrX	14688	19283	chrX	53553	58148	8412055	8416650
chrX	16839	17004	chrX	5613	5778	8364115	8364280
chrX	17006	19013	chrX	5779	7786	8364281	8366288
chrX	19014	22502	chrX	7795	11283	8366297	8369785
chrX	19285	20298	chrX	58149	59162	8416651	8417664
chrX	20299	20449	chrX	59164	59314	8417666	8417816
chrX	20451	22305	chrX	59315	61169	8417817	8419671
chrX	22306	25480	chrX	61186	64360	8419688	8422862
chrX	22503	23240	chrX	11298	12035	8369800	8370537
chrX	23241	25231	chrX	12037	14027	8370539	8372529
chrX	25232	26193	chrX	14030	14991	8372532	8373493
chrX	25485	26940	chrX	64361	65816	8422863	8424318
chrX	26196	27146	chrX	14992	15942	8373494	8374444
chrX	26942	27206	chrX	65817	66081	8424319	8424583
chrX	27147	30709	chrX	15944	19506	8374446	8378008
chrX	27207	29884	chrX	66083	68760	8424585	8427262
chrX	29887	30664	chrX	68761	69538	8427263	8428040
chrX	30665	31469	chrX	69540	70344	8428042	8428846
chrX	30710	42667	chrX	19508	31465	8378010	8389967
chrX	31471	31622	chrX	70345	70496	8428847	8428998
chrX	31623	31759	chrX	70519	70655	8429021	8429157
chrX	31761	31933	chrX	70656	70828	8429158	8429330
chrX	31934	32135	chrX	70831	71032	8429333	8429534
chrX	32136	32158	chrX	71036	71058	8429538	8429560
chrX	32159	32414	chrX	71061	71316	8429563	8429818
chrX	32417	38004	chrX	71317	76904	8429819	8435406
chrX	38005	38963	chrX	76906	77864	8435408	8436366
chrX	38964	39669	chrX	77884	78589	8436386	8437091
chrX	39670	43531	chrX	78591	82452	8437093	8440954
chrX	42668	42695	chrX	31468	31495	8389970	8389997
chrX	42698	44595	chrX	31496	33393	8389998	8391895
chrX	43532	44712	chrX	82454	83634	8440956	8442136
chrX	44596	46166	chrX	33395	34965	8391897	8393467
chrX	44713	45497	chrX	83637	84421	8442139	8442923
chrX	45499	45681	chrX	84422	84604	8442924	8443106
chrX	45682	45742	chrX	84606	84666	8443108	8443168
chrX	46167	46434	chrX	34968	35235	8393470	8393737
chrX	46435	47290	chrX	35246	36101	8393748	8394603
chrX	47292	47677	chrX	36102	36487	8394604	8394989
chrX	47678	47812	chrX	36489	36623	8394991	8395125
chrX	47814	48837	chrX	36624	37647	8395126	8396149
chrX	48839	49139	chrX	37648	37948	8396150	8396450
chrX	49141	49986	chrX	37949	38794	8396451	8397296
