chrX	0	1111	5	38788	39899	8726012	8727123
chrX	1113	3257	5	39900	42044	8727124	8729268
chrX	3260	3490	5	42045	42275	8729269	8729499
chrX	3491	3559	5	42286	42354	8729510	8729578
chrX	3563	3769	5	42355	42561	8729579	8729785
chrX	3770	3776	5	42664	42670	8729888	8729894
chrX	3784	3810	5	42671	42697	8729895	8729921
chrX	3815	3926	5	42698	42809	8729922	8730033
chrX	3927	3941	5	42823	42837	8730047	8730061
chrX	3954	3995	5	42838	42879	8730062	8730103
chrX	4011	4015	5	42880	42884	8730104	8730108
chrX	4016	4019	5	42892	42895	8730116	8730119
chrX	4023	4027	5	42896	42900	8730120	8730124
chrX	4028	4029	5	42912	42913	8730136	8730137
chrX	4030	4033	5	42917	42920	8730141	8730144
chrX	4034	4044	5	42933	42943	8730157	8730167
chrX	4066	4067	5	42944	42945	8730168	8730169
chrX	4069	4071	5	42946	42948	8730170	8730172
chrX	4072	4079	5	42957	42964	8730181	8730188
chrX	4080	4085	5	42971	42976	8730195	8730200
chrX	4097	4101	5	42977	42981	8730201	8730205
chrX	4102	4109	5	42999	43006	8730223	8730230
chrX	4110	4114	5	43033	43037	8730257	8730261
chrX	4115	4119	5	43062	43066	8730286	8730290
chrX	4120	4127	5	43073	43080	8730297	8730304
chrX	4130	4232	5	43081	43183	8730305	8730407
chrX	4233	4526	5	43188	43481	8730412	8730705
chrX	4528	5931	5	43482	44885	8730706	8732109
chrX	4963	6596	5	0	1633	8687224	8688857
chrX	5936	9141	5	44886	48091	8732110	8735315
chrX	9154	9694	5	48092	48632	8735316	8735856
chrX	9696	10104	5	48633	49041	8735857	8736265
chrX	10105	10332	5	49051	49278	8736275	8736502
chrX	10333	10903	5	49280	49850	8736504	8737074
chrX	10905	11185	5	49851	50131	8737075	8737355
chrX	11285	11681	5	50132	50528	8737356	8737752
chrX	11684	14687	5	50529	53532	8737753	8740756
chrX	13059	13150	5	1683	1774	8688907	8688998
chrX	13151	13696	5	1910	2455	8689134	8689679
chrX	13699	14085	5	2456	2842	8689680	8690066
chrX	14086	16838	5	2857	5609	8690081	8692833
chrX	14688	19283	5	53537	58132	8740761	8745356
chrX	16839	17004	5	5613	5778	8692837	8693002
chrX	17006	19013	5	5779	7786	8693003	8695010
chrX	19014	22502	5	7788	11276	8695012	8698500
chrX	19285	20298	5	58133	59146	8745357	8746370
chrX	20299	20449	5	59148	59298	8746372	8746522
chrX	20451	22305	5	59299	61153	8746523	8748377
chrX	22306	25480	5	61170	64344	8748394	8751568
chrX	22503	23240	5	11291	12028	8698515	8699252
chrX	23241	25231	5	12030	14020	8699254	8701244
chrX	25232	26193	5	14023	14984	8701247	8702208
chrX	25485	26940	5	64345	65800	8751569	8753024
chrX	26196	27146	5	14985	15935	8702209	8703159
chrX	26942	27206	5	65801	66065	8753025	8753289
chrX	27147	30709	5	15937	19499	8703161	8706723
chrX	27207	29884	5	66067	68744	8753291	8755968
chrX	29887	30664	5	68745	69522	8755969	8756746
chrX	30665	31469	5	69524	70328	8756748	8757552
chrX	30710	42667	5	19501	31458	8706725	8718682
chrX	31471	31622	5	70329	70480	8757553	8757704
chrX	31623	31759	5	70503	70639	8757727	8757863
chrX	31761	31933	5	70640	70812	8757864	8758036
chrX	31934	32135	5	70815	71016	8758039	8758240
chrX	32136	32158	5	71019	71041	8758243	8758265
chrX	32159	32414	5	71044	71299	8758268	8758523
chrX	32417	38004	5	71300	76887	8758524	8764111
chrX	38005	38963	5	76889	77847	8764113	8765071
chrX	38964	39669	5	77867	78572	8765091	8765796
chrX	39670	43531	5	78574	82435	8765798	8769659
chrX	42668	44595	5	31461	33388	8718685	8720612
chrX	43532	44712	5	82437	83617	8769661	8770841
chrX	44596	46166	5	33390	34960	8720614	8722184
chrX	44713	45497	5	83620	84404	8770844	8771628
chrX	45499	45681	5	84405	84587	8771629	8771811
chrX	45682	45742	5	84589	84649	8771813	8771873
chrX	46167	46434	5	34963	35230	8722187	8722454
chrX	46435	47290	5	35241	36096	8722465	8723320
chrX	47292	47677	5	36097	36482	8723321	8723706
chrX	47678	47812	5	36484	36618	8723708	8723842
chrX	47814	48837	5	36619	37642	8723843	8724866
chrX	48839	49139	5	37643	37943	8724867	8725167
chrX	49141	49986	5	37944	38789	8725168	8726013
