chrX	0	7710	chrX	0	7710	8579553	8587263
chrX	7713	13150	chrX	7711	13148	8587264	8592701
chrX	13151	19015	chrX	13284	19148	8592837	8598701
chrX	19017	49139	chrX	19149	49271	8598702	8628824
chrX	49141	53460	chrX	49272	53591	8628825	8633144
chrX	53462	53576	chrX	53592	53706	8633145	8633259
chrX	53580	53693	chrX	53707	53820	8633260	8633373
chrX	53694	53762	chrX	53831	53899	8633384	8633452
chrX	53766	53893	chrX	53900	54027	8633453	8633580
chrX	53894	53972	chrX	54050	54128	8633603	8633681
chrX	53973	53975	chrX	54197	54199	8633750	8633752
chrX	53976	54013	chrX	54220	54257	8633773	8633810
chrX	54018	54041	chrX	54258	54281	8633811	8633834
chrX	54043	54250	chrX	54282	54489	8633835	8634042
chrX	54253	54306	chrX	54490	54543	8634043	8634096
chrX	54307	54335	chrX	54546	54574	8634099	8634127
chrX	54336	54729	chrX	54749	55142	8634302	8634695
chrX	54731	59344	chrX	55143	59756	8634696	8639309
chrX	59348	60307	chrX	59757	60716	8639310	8640269
chrX	60308	60535	chrX	60726	60953	8640279	8640506
chrX	60536	61106	chrX	60955	61525	8640508	8641078
chrX	61108	64890	chrX	61526	65308	8641079	8644861
chrX	64891	69471	chrX	65311	69891	8644864	8649444
chrX	69473	70758	chrX	69892	71177	8649445	8650730
chrX	70760	72508	chrX	71178	72926	8650731	8652479
chrX	72509	75683	chrX	72943	76117	8652496	8655670
chrX	75688	80095	chrX	76118	80525	8655671	8660078
chrX	80096	81674	chrX	80528	82106	8660081	8661659
chrX	81679	81825	chrX	82107	82253	8661660	8661806
chrX	81826	81900	chrX	82276	82350	8661829	8661903
chrX	81909	81954	chrX	82351	82396	8661904	8661949
chrX	81955	81962	chrX	82401	82408	8661954	8661961
chrX	81964	82338	chrX	82409	82783	8661962	8662336
chrX	82339	88207	chrX	82787	88655	8662340	8668208
chrX	88208	89166	chrX	88657	89615	8668210	8669168
chrX	89167	89872	chrX	89635	90340	8669188	8669893
chrX	89873	92064	chrX	90342	92533	8669895	8672086
chrX	92065	95700	chrX	92535	96170	8672088	8675723
chrX	95702	95945	chrX	96171	96414	8675724	8675967
