chrX	0	91	chrX	1683	1774	8438398	8438489
chrX	92	637	chrX	1910	2455	8438625	8439170
chrX	640	1026	chrX	2456	2842	8439171	8439557
chrX	1027	3779	chrX	2857	5609	8439572	8442324
chrX	3780	3876	chrX	5613	5709	8442328	8442424
chrX	3877	3945	chrX	5713	5781	8442428	8442496
chrX	3947	5954	chrX	5782	7789	8442497	8444504
chrX	4963	6596	chrX	0	1633	8436715	8438348
chrX	5955	9443	chrX	7797	11285	8444512	8448000
chrX	9444	10181	chrX	11300	12037	8448015	8448752
chrX	10182	12172	chrX	12039	14029	8448754	8450744
chrX	12173	13134	chrX	14032	14993	8450747	8451708
chrX	13137	14087	chrX	14994	15944	8451709	8452659
chrX	14088	17650	chrX	15946	19508	8452661	8456223
chrX	17651	29608	chrX	19510	31467	8456225	8468182
chrX	29609	31536	chrX	31470	33397	8468185	8470112
chrX	31537	33107	chrX	33399	34969	8470114	8471684
chrX	33108	33375	chrX	34972	35239	8471687	8471954
chrX	33376	34231	chrX	35250	36105	8471965	8472820
chrX	34233	34618	chrX	36106	36491	8472821	8473206
chrX	34619	34753	chrX	36493	36627	8473208	8473342
chrX	34755	35778	chrX	36628	37651	8473343	8474366
chrX	35780	36080	chrX	37652	37952	8474367	8474667
chrX	36082	36927	chrX	37953	38798	8474668	8475513
chrX	50203	51314	chrX	38797	39908	8475512	8476623
chrX	51316	53460	chrX	39909	42053	8476624	8478768
chrX	53463	53693	chrX	42054	42284	8478769	8478999
chrX	53694	53762	chrX	42295	42363	8479010	8479078
chrX	53766	53972	chrX	42364	42570	8479079	8479285
chrX	53973	53979	chrX	42673	42679	8479388	8479394
chrX	53987	54013	chrX	42680	42706	8479395	8479421
chrX	54018	54129	chrX	42707	42818	8479422	8479533
chrX	54130	54144	chrX	42832	42846	8479547	8479561
chrX	54157	54198	chrX	42847	42888	8479562	8479603
chrX	54214	54218	chrX	42889	42893	8479604	8479608
chrX	54219	54222	chrX	42901	42904	8479616	8479619
chrX	54226	54230	chrX	42905	42909	8479620	8479624
chrX	54231	54232	chrX	42921	42922	8479636	8479637
chrX	54233	54236	chrX	42926	42929	8479641	8479644
chrX	54237	54247	chrX	42942	42952	8479657	8479667
chrX	54269	54270	chrX	42953	42954	8479668	8479669
chrX	54272	54274	chrX	42955	42957	8479670	8479672
chrX	54275	54282	chrX	42966	42973	8479681	8479688
chrX	54283	54288	chrX	42980	42985	8479695	8479700
chrX	54300	54304	chrX	42986	42990	8479701	8479705
chrX	54305	54312	chrX	43008	43015	8479723	8479730
chrX	54313	54317	chrX	43042	43046	8479757	8479761
chrX	54318	54322	chrX	43071	43075	8479786	8479790
chrX	54323	54330	chrX	43082	43089	8479797	8479804
chrX	54333	54435	chrX	43090	43192	8479805	8479907
chrX	54436	54729	chrX	43197	43490	8479912	8480205
chrX	54731	57781	chrX	43491	46541	8480206	8483256
chrX	57784	59577	chrX	46542	48335	8483257	8485050
chrX	59578	60307	chrX	48339	49068	8485054	8485783
chrX	60308	60535	chrX	49078	49305	8485793	8486020
chrX	60536	61106	chrX	49307	49877	8486022	8486592
chrX	61108	61679	chrX	49878	50449	8486593	8487164
chrX	61681	64257	chrX	50450	53026	8487165	8489741
chrX	64258	64890	chrX	53028	53660	8489743	8490375
chrX	64891	65445	chrX	53668	54222	8490383	8490937
chrX	65446	69481	chrX	54224	58259	8490939	8494974
chrX	69488	70501	chrX	58260	59273	8494975	8495988
chrX	70502	70758	chrX	59275	59531	8495990	8496246
chrX	70760	72508	chrX	59532	61280	8496247	8497995
chrX	72509	75047	chrX	61297	63835	8498012	8500550
chrX	75057	75683	chrX	63836	64462	8500551	8501177
chrX	75688	75843	chrX	64463	64618	8501178	8501333
chrX	75844	75946	chrX	64623	64725	8501338	8501440
chrX	75961	77409	chrX	64726	66174	8501441	8502889
chrX	77410	80095	chrX	66176	68861	8502891	8505576
chrX	80096	80178	chrX	68864	68946	8505579	8505661
chrX	80180	81672	chrX	68947	70439	8505662	8507154
chrX	81674	81825	chrX	70440	70591	8507155	8507306
chrX	81826	81962	chrX	70614	70750	8507329	8507465
chrX	81964	82136	chrX	70751	70923	8507466	8507638
chrX	82137	82338	chrX	70926	71127	8507641	8507842
chrX	82339	83097	chrX	71130	71888	8507845	8508603
chrX	83147	83706	chrX	71889	72448	8508604	8509163
chrX	83709	84003	chrX	72449	72743	8509164	8509458
chrX	84480	86071	chrX	72675	74266	8509390	8510981
chrX	86073	88207	chrX	74267	76401	8510982	8513116
chrX	88208	88672	chrX	76403	76867	8513118	8513582
chrX	88674	88847	chrX	76868	77041	8513583	8513756
chrX	88848	89166	chrX	77043	77361	8513758	8514076
chrX	89167	89424	chrX	77381	77638	8514096	8514353
chrX	89425	89872	chrX	77640	78087	8514355	8514802
chrX	89873	90118	chrX	78089	78334	8514804	8515049
chrX	90120	94983	chrX	78335	83198	8515050	8519913
chrX	95169	95700	chrX	83199	83730	8519914	8520445
chrX	95702	95884	chrX	83731	83913	8520446	8520628
chrX	95885	95945	chrX	83915	83975	8520630	8520690
